Source,Facebook,Twitter,Reddit,Other
New York Times,0.4388,0.3185,0.1156,0.1271
CNN,0.4652,0.2439,0.1888,0.1021
MSNBC,0.56,0.2015,0.2056,0.0329
Huffington Post,0.7022,0.1174,0.0909,0.0895
Wall Street Journal,0.4119,0.3898,0.039,0.1593
The Washington Times,0.5944,0.2445,0.1295,0.0316
Fox News,0.5669,0.138,0.1658,0.1293
Daily Wire,0.8181,0.1296,0.0315,0.0208
Associated Press,0.2837,0.4496,0.1065,0.1602
Bloomberg,0.2631,0.3128,0.1134,0.3107
The Economist,0.5329,0.2296,0.0582,0.1793
The Guardian,0.4882,0.2304,0.1836,0.0978
Alternet,0.6063,0.2096,0.1202,0.0639
Patribotics,0.1146,0.8654,0.0113,0.0087
National Enquirer,0.0797,0.6264,0.1969,0.097
Worldtruth,0.5386,0.3058,0,0.1556
Infowars,0.3907,0.3887,0.0899,0.1307
NRA,0.2824,0.5378,0,0.1798
